(BSplineTransformSplineOrder 3)
(Direction 1 0 0 0 1 0 0 0 1)
(FixedImageDimension 3)
(FixedInternalImagePixelType "float")
(GridDirection 1 0 0 0 1 0 0 0 1)
(GridIndex 0 0 0)
(GridOrigin -4.5 -4.5 -4.5)
(GridSize 11 11 11)
(GridSpacing 4 4 4)
(HowToCombineTransforms "Compose")
(Index 0 0 0)
(InitialTransformParameterFileName "NoInitialTransform")
(MovingImageDimension 3)
(MovingInternalImagePixelType "float")
(NumberOfParameters 3993)
(Origin 0 0 0)
(Size 32 32 32)
(Spacing 1 1 1)
(Transform "BSplineTransform")
(TransformParameters -1.4304156488290723e-7 5.350754239069195e-7 0.000007068127496249973 0.000028127637925503265 0.0000580959346135502 0.00006120820355608287 0.000033090421841375304 6.780756505511169e-7 -0.000007201765608784438 -0.000007419356980253762 -0.0000010534632666640735 -0.0000022479523458996055 0.0000135183344341365 0.00010914124104349715 0.00035203243924744084 0.0008074095169990903 0.0010218103532842195 0.0006758465780590153 0.00017888572874921987 -0.00003322281415504829 -0.00005940226519934216 -0.000011233624793489663 -9.128074245303668e-7 0.00007883982395717607 0.0003669812532894205 0.001341886309851811 0.0029618668469948957 0.003470181154296882 0.002705947854333318 0.0016381083099642113 0.00047124352848640355 0.000013260750851546549 -0.000009539064398522633 6.101478339734083e-7 0.00004154447612481562 0.0005668620585959456 0.0030788361607470916 0.007149127047423254 0.009233062674003678 0.008923408522715816 0.006353039352125012 0.002750340099844566 0.0006237635533236211 0.00002996467636264148 -0.00002116845467494991 -0.0001697664653105633 0.0010395574524990207 0.005316058850576287 0.013552881005753121 0.019719682112467045 0.0190706495117911 0.013261499746683999 0.006911764890320781 0.002230775676783288 0.00016774118322949313 -0.000048257863891606806 -0.0003015709715935568 0.001890646852116505 0.007721242657404909 0.016859928127207345 0.02697242822945443 0.024594357521616213 0.01605269061901851 0.009994077067175184 0.004327454921615442 0.0003859718012056823 -0.000053450669348094825 -0.00031961399521470026 0.0014126999862471143 0.007071701992043749 0.0151509671092438 0.022918269729192222 0.02569787262471199 0.019374006705938328 0.01111795094870637 0.004221261957174813 0.000352837253394648 -0.000029803412637132653 -0.00018708582445297787 0.000407011125690888 0.003494925842999052 0.01040363080426203 0.017028134740575775 0.01869633377834774 0.013269243424786714 0.007352304646043975 0.002569084027682711 0.00020201372570736252 -0.000007015831755859192 -0.000033498224666155766 0.00023678099830726692 0.0014047831320853615 0.004461544227588639 0.0092213583024748 0.010552613094862011 0.007060197804696791 0.003943865959125809 0.001123548011647519 0.00007031790207664175 -0.0000018931397913956698 -0.0000048405563623180225 0.00011904105506084682 0.0004144281463294763 0.0010825620225703172 0.0023727325569361172 0.0027349720633392124 0.002291253103051829 0.001266878028795321 0.0001841790986626926 0.0000012856029413421717 -1.9924224052364464e-7 -3.5753043370394985e-7 0.000012333491578212298 0.00003291351800915262 0.00006805355844735389 0.00015650163968961437 0.0001758640114267524 0.00012115125281085648 0.00004912901547235024 -0.0000010573146127361573 -8.060355529073358e-7 -0.000002442111509122531 0.000008175370215682956 0.00010406005749805542 0.000395147273878007 0.0007319161199652261 0.0008274060536182396 0.0005106031122651161 0.0001306432877000595 -0.00006443277274034842 -0.0000777974458603398 -0.000011794731769776857 -0.00002728618288161206 0.00007446026907612269 0.0008910811583986819 0.0025847094046637857 0.004083704366263562 0.005599110822112671 0.004953972482153541 0.0027758555304068276 0.0006323422494178382 -0.00020768176320422175 -0.00008039157425938231 -0.00001504007719789041 0.0002840951711782153 0.001971362305715877 0.005361628842096365 0.008542601781106187 0.014443004775231876 0.015058181970662464 0.011870617982505556 0.0065771520372775545 0.0015826472428147247 0.000053279148222873505 -0.000014162219010923503 0.000044126415372420566 0.0032892112618236676 0.008873128248221573 0.00784549861022109 0.0161845023677503 0.025572052461582687 0.02715870880147777 0.017490654110697966 0.007062627241776936 0.0007714046642179791 -0.00012155229630614931 0.0006653034084968 0.006546350249832824 0.0058106615693936095 -0.002343506576304749 0.006480588330701775 0.017658322895978514 0.03614392401890189 0.026204114329725345 0.016507246811100027 0.0024570175671039893 -0.0000931696108741551 0.002525141652926238 0.006838482955484053 -0.00022339123815406914 -0.00984427362100391 -0.012310836432576373 -0.01362481569196132 0.025126324647991655 0.025892743586423083 0.02444528021318526 0.004292831996091107 -0.0001469003874947094 0.0020393800489436208 0.00973954948709861 0.013211203235625298 0.006011953522067169 -0.003482901141779908 -0.0008863622144606384 0.035034720778591134 0.026078073157506633 0.02285440143513925 0.004061848353977897 -0.0001396844887062056 0.000876995315350646 0.007216442229214691 0.016722345580495283 0.02207672226356229 0.019138435019453764 0.03030732151110169 0.041353235720471455 0.03146104223726329 0.017621133802654437 0.002627714247603283 -0.000055547037459726864 0.00020622669624362355 0.0031610333273916244 0.009501775771050444 0.019709072036539627 0.02879362851936454 0.031574967343361446 0.025621704214816365 0.020833486241995693 0.00972456624253755 0.0012282244364978567 -0.000016417739854151514 0.00012095311430935895 0.0013993191200107201 0.004726226396514002 0.01145396962073373 0.019366079680927236 0.019636499645263723 0.014576612816125557 0.0091320884102485 0.0029389589694071828 0.00022206099990080714 -9.618786272132754e-7 0.00002140570286323607 0.00018128206244791235 0.0005788257563544715 0.0014009046962078567 0.002719354560454956 0.003137516565657426 0.002291002786803063 0.001112114936083932 0.0002135596834112649 0.000002095629380336981 -0.000006109519625403394 0.000018269869995167773 0.00040203264413554485 0.0013985844040545665 0.002470198944711437 0.00312184903313343 0.002132957796322379 0.0009350979025400817 0.00011350228745681651 -0.0001399556304636594 -0.00002565886341847106 -0.0000692217134449504 -0.00011351013209957632 0.0014474818523745217 0.0032308824977965687 0.0034417714355363736 0.008974553810963275 0.010717356472574458 0.008911951118764652 0.004557384129141447 0.0006424561971141987 -0.00008545722768267276 -0.0001855326580312375 -0.0003405598871570787 0.0034453999379998016 0.0011120639218193471 -0.0013279748047575078 -0.005891866177960204 0.010338959119632962 0.01889081845389801 0.017018949326858098 0.00727955133238344 0.0006481771104014711 -0.0003786763698145242 0.0007362404383997764 0.008748148254433768 -0.01811905477402173 -0.0668627936859188 -0.09719225600721657 -0.029325345370850547 0.014255479907899833 0.02944521315187995 0.019577393882658695 0.002861945218495576 -0.00010341908834057001 0.0022462413776103284 0.0008061684189331838 -0.046558422222487524 -0.1447222158698305 -0.22589782948671694 -0.14830527224375525 -0.0667864588500244 0.00726646875081197 0.029809981955676593 0.007510551979935304 0.000922862647199313 0.0027872250834975756 0.009160006265757463 0.01749922643294575 -0.11762070258976132 -0.28898328213119084 -0.2972557665906212 -0.22037484402167268 -0.040933083896126404 0.03487841912846221 0.013919379444246564 0.001229213652180788 0.005657206418822603 0.011067659406428005 -0.00039542637942852874 -0.11137073072346786 -0.25075874103600493 -0.2885490759476 -0.2554318954237639 -0.05689000941274829 0.03941947965201782 0.013463820560441098 0.0005626212052370215 0.007652291508803944 0.006601391681779904 -0.010578202236692515 -0.0551364937985854 -0.13008625165337057 -0.17599422537996648 -0.11742179973787124 -0.007971903127633679 0.035127023405774366 0.009668008831564297 0.0001739520169876925 0.0037630138278561113 0.00589213372863764 0.0031474710912789087 -0.001599596580614532 -0.0035017828640149786 0.0003294593650736723 0.01444638872678639 0.031269820675586736 0.02642952883017638 0.0050426605572782765 0.00007380312601039976 0.001717012609620378 0.005504127394951817 0.013149064759083434 0.022674507910242454 0.028676025552928974 0.02998404541408157 0.0305914700077193 0.020495901612318852 0.010301045961558371 0.0013028403221999523 0.000006640468603125869 0.0001682053322299482 0.0007801418453478668 0.002895150147170417 0.005819832859207767 0.009394351040624563 0.00999665610802834 0.00732032180067249 0.003780563413752527 0.001308164257341117 0.00008260112017320253 -0.000022086311240191445 -0.00010077851480739852 0.00026167464998084436 0.0013735972390299554 0.0036111474035932264 0.006575005674882178 0.004889545386662297 0.002240787605614966 0.0006124869473264794 -0.00016537191910653417 -0.000041866435764282665 -0.0003728750527671726 -0.0019023558019393586 0.0016622288117314511 0.007252099910897043 -0.0005754432524736607 -0.00029398539930634604 0.013363112801900879 0.017017676745259024 0.011661068037073365 0.002941197359976893 0.00007041151112169109 -0.0009726535354470186 -0.002210268209159513 0.012300016330257907 0.009178825142437357 -0.055375645530850295 -0.08310784949123282 -0.02646175771026232 0.03628506365911514 0.032268409638848264 0.016938500121361125 0.0020915366322789802 -0.0013806939213229742 0.0020833286951152546 0.003896723354161256 -0.049323287287251855 -0.2840937174958442 -0.3549146835123082 -0.27303350498290807 -0.034574520651053306 0.025176937341293042 0.039116650820166306 0.007470147314381227 -0.001328781296232311 0.00911028924993986 0.01150577957635402 -0.1258349221725086 -0.6840717575208197 -0.91858541821754 -0.9156047132019957 -0.36392853176959883 -0.1418065579402698 0.033625902542052895 0.017532258817693255 -0.0004389476533317062 0.019682947865217643 0.06609232350972456 -0.3356166604230111 -0.5354561867814462 -0.7743780334390774 -1.3571572937086782 -0.8409031529220586 -0.32408943568640375 0.0033014687152433113 0.031145590309123113 0.0014008395268574369 0.01272378028085379 0.061963806007721556 -0.12670567781629394 0.14581114918596083 -0.9213061939435387 -1.292748736915753 -0.7133428054804918 -0.37633212765997504 0.011155269573149435 0.034185736452068634 0.0018124108966115643 0.0047411895034517315 0.001988837331893602 -0.03008582026476454 -0.1857789830728654 -0.6027207649884333 -0.5809041282497659 -0.42878993803974086 -0.19230713587442266 0.03731540890007853 0.024290164280222522 0.0014101110811551361 0.006187622791019636 -0.0073692727254361665 -0.040761021190998156 -0.06591254109506936 -0.11943239794221637 -0.20702231433482174 -0.15396507116300864 -0.025748137157940217 0.03504486642944129 0.011689025563555413 0.00047476811451348944 0.0042133800786424815 0.006461603805592583 0.015138052748411368 0.03140411742384358 0.04095158135796647 0.05614605857410079 0.05151653923996315 0.032206297936051315 0.020709755165333438 0.0038969824317805772 0.000030482014372924262 0.0004076850385478494 0.0017798315889794223 0.008062597068782073 0.01529038968352583 0.018295628587347713 0.021458858487399972 0.018331447129111538 0.00890443201075906 0.0033201109516616304 0.00031955947639577013 -0.000057115590556267745 -0.0004075805540392127 -0.0008431217258721844 -0.0011845102015226256 0.004435775907583093 0.011036674047389651 0.0074937068318467834 0.0033341360851180247 0.0013740988485918273 0.0000158871902566543 -0.0000284209840441296 -0.000849082929185579 -0.003561687332244824 0.002128452024823499 0.02753126282477948 0.009262632629873696 -0.02911140693748247 0.012556484719470115 0.03139199809660587 0.020861453623268442 0.006484455763159348 0.00047363676949594606 -0.0023317061156661817 -0.004483264364428851 0.02907157042019956 0.04109282731016231 -0.08736083653180131 -0.1477813785752727 -0.10236350683859564 0.018754900341335968 0.05022291387237376 0.02964238240043462 0.004072833445857049 -0.0029720506789556425 0.007555343979981314 0.02319919887687976 0.23179665642405514 -0.36525360674815055 -0.9964067255019591 -0.5872978487861584 -0.14509231024312397 0.02012287011072597 0.056402204739752285 0.012631818438899586 -0.0050046094732735125 0.02061673959315882 0.019167920889609055 -0.2299156605621177 -2.13956935090568 -2.8920423217693045 -2.331371808534202 -1.2906139645431758 -0.3996225460908901 -0.0069346789274188775 0.033216312900128706 -0.004877888389495911 0.055475475805771585 -0.021364613249554958 0.07463861619621603 -2.155769652058542 -2.0130997141690945 -3.305694507824971 -2.107178681345765 -0.6993746197577071 -0.1589554091550396 0.0511778046033023 -0.00087856852831368 0.02652234483539438 0.012642414130064703 -0.5613941216860975 -0.061840853108206695 -1.1994420078266073 -3.616619050718705 -1.383800838241779 -0.6420183072267336 -0.11773870374283242 0.06291681870257887 0.003826422923603916 0.0008871640218667939 0.001507653529330618 -0.6004373965747317 -0.5300356099609772 -0.43532028440844 -1.1983998500487447 -0.9680638471552604 -0.41106671311456466 -0.0052016588725280885 0.04512068920364502 0.002909070016100561 0.005485211165857865 -0.026106220725289515 -0.07538171141246791 -0.10485691534464149 -0.326181573063629 -0.4428729614377449 -0.3028358752680949 -0.09745284615906609 0.029354342147627752 0.020605629198526484 0.0010430789513859208 0.008170511747720696 0.01210390223585404 -0.002472512118480551 -0.0058048531386737925 0.02694754850859555 0.005933182531279506 0.005927975963836617 0.029760557024362713 0.03606127209689496 0.0076719100570679126 0.00007676690360743916 0.00101675148983066 0.004525066887159427 0.015379354897545383 0.026342248859953114 0.0349079575041222 0.04141783789258758 0.03056392708101731 0.015206970052849916 0.006032309653983269 0.0005864137782659603 -0.00007545041442697176 -0.0006029051983998516 -0.002028033081181989 -0.004082150124213734 0.004623808471139698 0.017956166588503995 0.012926317479373905 0.006918651280450264 0.0025663270087903953 0.00040205568098599986 -0.000001398816362592849 -0.0009627423756902936 -0.0032943698293134297 0.002459655714562992 0.034039199636119635 0.011568315742771122 -0.06773447019254113 -0.03259468481749989 0.031089082414104092 0.026392483718165754 0.008352871658146159 0.0008513470131622148 -0.0026802440433034962 0.0036241711900355635 0.043917991294785685 0.05904248746997823 -0.10362739562212003 -0.18508450326971604 -0.18917410114813638 -0.042594909877534 0.043078560705995333 0.03421040104358875 0.004859220855293621 -0.0038629554009096687 0.012260320730075823 0.02596273058317059 0.3321456392440469 0.15548551803685545 -1.288993783733909 -0.7776030383004671 -0.11793434556837168 -0.07853292577040408 0.05051018645524319 0.012471931578261744 -0.005487874649283968 -0.011947526067098167 -0.11208250198778778 -1.034896982662865 0.07944288666047956 -2.07494904124078 -1.0605239171344314 -2.1648943520264825 -0.743059184176141 -0.04698923142646931 0.04027646786224765 -0.0019476622665768246 -0.010121054997956272 -0.09200370763090397 -0.40060670675093335 0.4065636361912698 -1.3158724429631858 -1.9183426663815482 -5.983308647100773 -1.539716900226805 -0.22937514065460915 0.05964657314573237 0.003829404281063419 -0.013346448161602503 -0.17078069325346615 -0.325920028116176 1.0318852386814215 -1.4072580552719938 -2.499814700334823 -2.5594252872155 -1.120852625153929 -0.17451901683969204 0.0732219994275579 0.006690868432745968 -0.004810696992627373 -0.09070486432304976 -0.4228278512877439 -0.6354434670509267 -0.8501568531486567 -1.7288875048505379 -1.6585028221661184 -0.5130864982397536 -0.042936102449528495 0.0479785865484154 0.004251700838199453 0.010667214996417866 -0.05485648336131879 -0.14437679860637634 -0.2742498640919175 -0.423243025573207 -0.4312869632064241 -0.3453430728632571 -0.14107355822099746 0.02605760861131774 0.020943759383298774 0.0016292657449434001 0.011457009412382755 0.01310877764158691 -0.009998924798120739 -0.028410721712886933 -0.04664624744284078 -0.095564902980442 -0.037613083165514725 0.028402835876151174 0.046234518124015966 0.007492760885582531 0.0001330135744734976 0.001590879602889194 0.0065804712249830305 0.01913918101441211 0.03518259967808331 0.04511996873119299 0.05185121220595098 0.04060026486061372 0.018480928765155367 0.007209399387644118 0.0005903918240644001 -0.000059353995170229635 -0.00043447566935438635 -0.0013657997627125795 -0.001929514481881084 0.00642969495926602 0.018028131815679038 0.015540411941151336 0.00776064469076165 0.002653592434358684 0.0005811604743205 0.000015471716557028978 -0.0005887408566053945 -0.0015076660176457828 0.000005460900697986638 0.005895891495577546 -0.019316810436346844 -0.07659685904481267 -0.05600644614785634 0.006862340042960558 0.018344615718085388 0.007689226241020406 0.0008983918226838868 -0.0012908804180842837 0.002594646596361839 0.026132782091569516 0.08404409929533088 -0.007720204916479735 -0.18508653572861072 -0.2135208417108042 -0.08669459656378144 0.03102625107238795 0.026755000655843904 0.004818860231872247 -0.0022122317077566 0.011703339358686072 0.06515870007748589 0.05952512121488386 -0.1701280874015641 -1.2169194932113916 -1.8340273373563556 -0.5145653848339242 -0.12154390351762491 0.04241498231742479 0.014478686195782008 -0.001741544135971899 -0.005104948324067862 -0.034912334589267666 0.05344117578980491 1.2355880989046737 -1.6858501923238551 -3.081325098299722 -2.65073651953612 -0.7668681985374984 -0.02671139810911842 0.038084389196165795 0.004233639860403552 -0.050434449637868514 -0.1099264504575624 -0.0015595019123376287 0.9669370554266646 -0.6304739096604285 -2.419579770667398 -7.249937401014223 -1.6920615007206499 -0.15394331084839102 0.055507502377000695 0.007664470244604673 -0.02567630107509308 -0.16052639965793683 0.17952301126984122 -0.4134735703318298 -2.1256552965204767 -2.1429592941964795 -4.201649942759485 -1.3621105359116117 -0.07946766370340119 0.06058466706160219 0.008138777999006612 -0.0030028998071592846 -0.12269487544916732 -0.13898125076731255 -0.6299624281824806 -1.259159746986462 -1.0888211486753085 -1.022143751817682 -0.4056158899039731 -0.0036512364285532445 0.03934808164873249 0.004817095088084996 0.008346158317714212 -0.03851334275534454 -0.16937778436719195 -0.3442291439768297 -0.43804871811016677 -0.42604584135297124 -0.32438560918269277 -0.10864239944773997 0.035102540220027054 0.018708800614615176 0.0018571779037730425 0.010799559621394651 0.012409378069343903 0.013658963368256963 -0.0184908332094062 -0.044357677398178245 -0.028345370590629953 0.018034055976351857 0.03603946029812128 0.0401938583587699 0.005559902032649102 0.0001509529877207967 0.001969094507032448 0.006807689658603288 0.018661202419929402 0.03380887197182651 0.03721796690319901 0.044017845008842274 0.03280467577377191 0.01646969267291289 0.00630712377654689 0.00038655374356237485 -0.00004664275362680826 -0.00039587895913225876 -0.0008217871709358427 -0.00032870819660251875 0.00421797086764569 0.010207665324873244 0.010307770165940686 0.005469282524330525 0.0019560143218297433 0.00040084846318990156 0.000004315770398802854 -0.00047333967358441587 -0.0018960154830504727 -0.0003438626131130589 0.0035516403666556815 0.0010945362410165603 -0.011127282963016192 -0.009291775342274775 0.00954531588636522 0.010488864677103521 0.005429583653103119 0.0006321458599182082 -0.0009838281313527678 -0.0005545065206587768 0.004327790784472356 0.013359111171413397 -0.031256280490843204 -0.14648268195233607 -0.1393909780147513 -0.057391203980082316 0.021811775369560273 0.01746620999195655 0.003369588869646551 -0.0011509083733390454 0.005998923686661658 0.029191963895233205 0.07508461718474196 -0.01788455691322722 -0.45103116214715955 -0.5823925831241312 -0.28964754833777784 -0.044439732424319714 0.03741095614584833 0.010135813179498626 0.0009037297934960626 0.0056259391166179895 0.019969202635355145 0.030977610701107914 -0.03982161415526886 -0.7078481018416336 -1.0946840930485155 -0.7926187867479381 -0.2625904192204708 0.019967711433379533 0.021482309177025375 0.00450672467266953 -0.007222729927217888 -0.06589027922987475 -0.042209889841141095 0.10706661704510462 -0.5785331072579492 -0.5084912008849817 -1.1227103845746436 -0.48255832491751166 -0.025566562723177148 0.02829919962173093 0.006813983593839274 -0.002906653532453192 -0.11940374894834326 -0.2130970164502928 -0.5031042473001917 -1.273453815717105 -1.0541312493266055 -0.9457233536523212 -0.4533766080342152 0.023242281461883233 0.02842110903875878 0.006917840626142773 0.003262341842744577 -0.06051178300978392 -0.2595852641413275 -0.5071246433850786 -0.7954713652850877 -0.8602456609740194 -0.5010283513518464 -0.14702834748730806 0.05567340159738903 0.020821291850516486 0.0037884486090318296 0.007456680922593278 -0.010016503140180377 -0.07296252082182321 -0.2004724174990484 -0.25180123081797806 -0.19817797572771376 -0.10310273197187977 0.011051525127967475 0.042784625800317104 0.009581231195070185 0.0013151085007735387 0.00820323616308417 0.012708363279043317 0.015849610254194204 0.01338726211411698 0.004668632860292358 0.025823661836719206 0.04328637088034604 0.03413017480340321 0.02053008015704755 0.002461687152124349 0.0001095724822832449 0.0015521555254597223 0.0045369569043075455 0.009246606370981934 0.017672652191074216 0.022780505597482938 0.023452695312541818 0.01789091980673778 0.01082562395472107 0.0034936209750447028 0.00018913792644777402 -0.000019443912565537815 -0.00020264407529353191 -0.0004304278481904759 -0.00017693621132016662 0.001333714883003177 0.002922467284315103 0.003942288539792929 0.002917071189180002 0.0008648863956262496 0.00009827050832083041 -0.000007822239117800065 -0.00023081888494253043 -0.0014308531689163511 -0.0009110640012003886 0.002710835207022795 0.0071567988994373204 0.009277316798966437 0.011387456269865327 0.010324240651577426 0.005816829895129945 0.0027299575631494835 0.00022702136657000286 -0.0006636551184923573 -0.001848474436517289 0.00252642080305026 0.005477048338768063 -0.003935926441294881 -0.02242423254685615 -0.02220202548204895 -0.002216945532557397 0.013933432198443691 0.009375778552699303 0.001515539058904144 -0.0006568006977082495 0.00048005131710033243 0.0071692220650036624 0.018726305724715592 0.005257480684851859 -0.08505300824863217 -0.1093127760367464 -0.05260326911680307 0.01453007392386764 0.024232170489954956 0.0048560501753143505 0.0006942664659649492 0.003018583064303644 0.013341944419226499 0.04350963819891524 0.0021474958970115927 -0.12148693143922352 -0.1205177389836258 -0.11284167564269268 -0.021630708728786835 0.02926272135743164 0.010314762594837362 0.0023443872146508165 0.0033269644848586476 -0.0043225502909892514 -0.016401083979489063 -0.06363557761950372 -0.16545665097516024 -0.1236027033039345 -0.12817801700093537 -0.05616580591727626 0.03552849703580932 0.013434668870184673 0.003285611293630669 0.002007368579828708 -0.021684430233794485 -0.09520344421618822 -0.1607356902552259 -0.21775119977589366 -0.191355228567293 -0.12267234992497744 -0.012543771729854276 0.03906749464190131 0.011658999000995568 0.0035068449797484563 0.005756814061197299 -0.006412124377049945 -0.06037188402781975 -0.14145845408134497 -0.16526647801037392 -0.1546801557792866 -0.04630845116855794 0.02653217046499924 0.03296657825031883 0.009023871285833047 0.001940052446621021 0.007361118918611395 0.004555637284114344 -0.002317698142075412 -0.020973299528629336 -0.03358954532640552 -0.0036264734248991066 0.020752865947042037 0.030389593127628407 0.021537359090641806 0.003956425647375002 0.0005078357247582382 0.004383480008274378 0.00915566838772816 0.015349795274847824 0.02830267971009106 0.03664516258348566 0.036734558370912634 0.02988789398303126 0.020290796062893763 0.008634908246114806 0.0008193141978230805 0.000031179656977217 0.000535325220150076 0.0020340330814615794 0.004955792109327437 0.008534342059024433 0.010891702149887888 0.010452024189617397 0.007954582196408459 0.003845200695492325 0.0008799895441741187 0.000043437464877105036 -0.000005059166339531695 -0.00004344612506146104 -0.00008067088129767562 -0.00001850298539348249 0.000370829843071819 0.0008486035693043812 0.0011819731721489902 0.0009054221616357061 0.00022585504860859806 -0.00002188937001123597 -0.000006759908406119662 -0.00006817845543713622 -0.0004782718496735574 -0.0007560718225484197 0.00017295307396247413 0.003170245702320394 0.006059078446550272 0.007572921886465049 0.005475564601495726 0.0026937686494860813 0.000628443214067701 0.000009706773229411128 -0.00018395068060843387 -0.0009993689746819168 -0.0002454332914254995 0.0032787135933474865 0.007615096044308181 0.012112193603770817 0.01929163415150069 0.015282508376627568 0.00944500032417439 0.003675602679028284 0.0003477092714112314 -0.00019051769440896302 -0.00019473879716403304 0.0032225868233237637 0.008145183703834142 0.014047890841487132 0.023312609530080033 0.022285498438514142 0.01980112798174795 0.019409535927002747 0.010638015680278362 0.0012993806300453832 0.00011883648697443376 0.0025986294136218844 0.007709812830880218 0.01744376529319171 0.028565158541618556 0.027549079267314786 0.012604091273528168 0.015657673865106796 0.020693954935559002 0.01916139715303576 0.002969076297519835 0.0008802210816683246 0.0061066542445031135 0.009932140979299195 0.013924626290878905 0.02147436179491322 0.01772234505575202 0.007317117573096471 0.024213705725437407 0.020903553167263045 0.02036283561046203 0.0037564665718021464 0.0013534056123075853 0.0067783287200464636 0.008067052336546256 0.010220195229352018 0.004234570579097253 0.007719581109935271 0.020030103823049466 0.03700354748418522 0.028821390518018748 0.018188884734493923 0.003354790093822254 0.0011056535869780706 0.005728144173626588 0.006632494913059842 0.013834482648148 0.018140202113618477 0.018503760700219404 0.0352813310253359 0.039629176755319274 0.022364866316482178 0.014388326573992348 0.0026153971162928696 0.0005277223283055952 0.004323176309208168 0.008133380645213021 0.015876277913963566 0.029328175616978574 0.03584255161434994 0.03515089655314974 0.024757543678731397 0.016193462912687744 0.0077744471880020075 0.000943470845481938 0.00008003244226817539 0.0013095464650800881 0.005178412627143856 0.01128169309727813 0.01746877201025637 0.022360695203965327 0.019572316838363125 0.013390410547542222 0.007151275990902766 0.00178485597453323 0.00008009150012689675 0.0000015056858507690178 0.00007413679866400705 0.0004852477740969841 0.0015084311025742995 0.0027925588727808807 0.003251528987473204 0.0030779395604530425 0.0020192904171042656 0.0006450491705034824 0.000028470995926926005 -0.000007511326907656808 -2.968879428466739e-7 -0.000002167261357419382 -0.0000034316869581234813 0.0000027029757348483082 0.000030067233350806003 0.0000805830547644246 0.0000948467785036299 0.00006230727331872842 0.000012040873475958878 -0.000006718754551445966 -9.080130367500479e-7 -0.000004856680908158922 -0.000040668200165221296 -0.00008988521778303996 0.0000029936383665965933 0.0005482998379685908 0.0011132739342766336 0.0011405583582168315 0.0007935916401416854 0.00035685825192232056 0.00001571523845948227 -0.000004100270185784997 -0.000014251701136639591 -0.00012397810180703737 -0.00031346641655983695 0.00006523062918862282 0.0018067613805548175 0.00409655482197036 0.004638577100151288 0.002951301939996462 0.0014976332209303445 0.00029135412212180146 0.000009836665293834641 -0.000023012048862538218 -0.00014495363228759453 -0.00009411971977821747 0.0006339777569606889 0.003371719506378623 0.0078038617644396804 0.010666642330228604 0.007509065617600304 0.003973718971775783 0.001100983686640496 0.0000757241112189072 -0.000008824752375527586 0.00018300142081122768 0.0014733459377203237 0.0037318481102911498 0.006477828570131402 0.012705970618097693 0.0179320173499264 0.012494888404318862 0.007265774679966605 0.0025141757994270636 0.00018542419173395584 0.00005609272736833549 0.0009423151056760856 0.0036776586770816237 0.0071996938742212805 0.012021281867477434 0.020558781266746966 0.024187308957527704 0.017565901609597118 0.009179076062807491 0.0029762265490741293 0.0002318890939477562 0.00012433097833210207 0.0014335745201988603 0.0038879390119364995 0.007677853010697575 0.01438097466285841 0.02194696998248518 0.022420024023908223 0.01817233248890831 0.009361434646256555 0.003310788281300109 0.0002736432020467548 0.00011156709439964463 0.001277205689280059 0.003313818276477297 0.006041103160002715 0.011637272664036403 0.014921582493398377 0.016016745483818685 0.012181269120899129 0.006135678639131887 0.002320903944933471 0.0001603597371008197 0.00004718158703593531 0.0006294781036193043 0.0022235301139703284 0.004550575271635557 0.008127567806451875 0.00957453212501165 0.008856199830304369 0.0059615696451724215 0.0026601816489255376 0.0006315678203480079 0.000021506665673421516 0.00000423516050775279 0.00009209690796291469 0.0005150239782928837 0.0014708531155225657 0.0029606065181382577 0.0032065418432662865 0.002660408880117645 0.0016336458608987997 0.0004850451122990071 0.000009398860413286023 -0.000009359224774194411 -2.072104332295714e-7 7.400486999657797e-8 0.000019289441731509655 0.00008411876309623209 0.0002453629750292698 0.00030383148290075645 0.0002353089958055215 0.00010040918848849184 0.000008706135728376822 -0.000010291583769286017 -0.0000014427030912459632 3.0974187739985027e-7 0.000004110375884624854 0.000014043607741078949 0.0000364180330707268 0.0000523618898382159 0.00003882860858504346 0.000013491741385890478 0.000001206971527892198 2.2905618986074107e-7 0.0000016396135033228715 2.903725795985817e-7 0.000006070235826083317 0.00006677997594353732 0.00018701354149422257 0.00038808265576906957 0.0005655445550131374 0.000447446514987908 0.00020040617497156808 0.00004818994368185261 -0.0000021594479260507386 0.0000202652289439691 0.000004463811488888686 0.00001761093050782475 0.00019926137751828617 0.0005148040420109712 0.0011897620433068757 0.001829245227979497 0.0012005688058032448 0.000364273277679234 0.0001741436170792369 0.00009941866595493475 0.000044547903424308825 0.000006715840068170533 0.000027478396290823697 0.00029693631475248073 0.0009811807546811502 0.002989593559061086 0.004734857262257749 0.0032814685556873447 0.0009990449940519735 0.00045429910547064233 0.000550293711272649 0.0001583981525313752 0.000007520109570471489 0.000057985469927162045 0.0005515030759596995 0.0017240000800653557 0.005049273484342043 0.00925964281391317 0.00849040385991967 0.004098200543459403 0.0022908372014096507 0.001675060609403761 0.0005324476521565463 0.00003287801252162798 0.00006735736567394613 0.0006559626550308245 0.002211534632211238 0.0063037076843777 0.01159408523555907 0.014055090768890643 0.00923313006173185 0.004655036728274674 0.0025472748830010117 0.0010352401504375394 0.00008877719723532071 0.00005148015064763661 0.0004749769908653101 0.001847175266193578 0.005587816057252679 0.008811827380247246 0.009776826318991273 0.009112545138893615 0.005851919706665712 0.003003266354090708 0.0010212962899914949 0.00008431264725486939 0.000017641518314377477 0.00025843617038861095 0.001109263554863244 0.0031724231007771117 0.005224717113490017 0.005407871625061037 0.005306055364166307 0.003939182190818766 0.0018840450769565774 0.0005489525006636611 0.00004114588501645905 -0.00000835788062871491 -0.00000683537165969709 0.00038994943714768177 0.001368908571839821 0.0027050177730565802 0.003929734466252293 0.004159377972844003 0.002694686404523938 0.0010707165828970522 0.0002153053438804043 0.000008382165926020525 -0.0000074082278096835455 -0.00006698981394351435 -0.000006718712187241148 0.0002787132659878215 0.0008135223494930271 0.0015363623343356708 0.0015192018416618866 0.0009324869140542318 0.0003243879704982711 -0.000009817821460349837 -0.00000646183573861673 -6.627288728924708e-7 -0.00000928579316883427 -0.000009777998242069902 0.00000948300371821588 0.00005128290211950725 0.0001143228408230466 0.00009805843885432596 0.00004901380707852868 0.000007568244123748429 -0.000007041189074530691 -7.825366560369652e-7 0.0000023418082573636223 0.000029221870148120387 0.00012776268328328796 0.0003062961726456705 0.0002869855092664232 0.00006286500298618095 -0.0001668405818798834 -0.00018287316650341014 -0.00008186924185176512 -0.0000039959244709578335 0.0000020237095495132274 0.00003447046887800173 0.000286675918397499 0.0008306991771483752 0.0011861553154615511 0.000657623237309585 0.00021193294662639743 -0.0007528840855951322 -0.00110541751376823 -0.000817140294002775 -0.00011631395063451216 0.000015916080711708213 0.0001115798923369467 0.0007259168518600337 0.0009867151502951097 0.0011336099823552317 0.00047480610483294916 0.0024915301021661354 0.0015574263230907137 -0.00015209264950809514 -0.0006365827492025859 -0.0002653865724545049 -0.000003164640710380032 0.00022835066567427454 0.0007407339052188296 -0.0009135238319949412 -0.0034909026726033998 -0.010026794075295617 0.0022523323051502676 0.01492034017052373 0.006547780549154529 0.001154071510202257 0.000714456656364461 0.000044710836521265076 0.00036653002693480785 0.0010736848274272013 -0.000735980454100155 -0.013608583591721193 -0.03224103528287399 -0.008231713100966195 0.012487028051019892 0.006837583073289247 0.0021481700688877853 0.0027434980124140694 0.0004227664246206579 0.0004282366004559399 0.0024900399187954727 0.0026331275315713268 -0.012722803187496714 -0.043552719623501435 -0.040048933244931875 -0.031728598200054206 -0.006431471975587929 0.0024521462088059995 0.004841319034860739 0.0009633412404998295 0.0003293217316576545 0.00257742105787916 0.006060320010419526 0.0053841550815402804 -0.00608737228536441 -0.010182490350882348 -0.013422870419157133 0.005072882811148615 0.0061131625509061776 0.005283119682635894 0.0009847644650922743 0.00017626874640715512 0.0021870945129754977 0.006102793777173967 0.010926357038233614 0.02150699692303231 0.03982091544250795 0.029365415657223597 0.01634303197823393 0.009871683207856663 0.004420112157193136 0.0006055267504457569 -0.00002442644222000621 0.0009033757696569022 0.004435036326325401 0.008636989003578474 0.01486925813106479 0.02402056330219283 0.01767804562886138 0.0109121847044837 0.007429180221231719 0.0023545461805580346 0.00022310530842177583 -0.00005866647054569895 -0.0000811849901992786 0.0014371856541037144 0.004943062394601155 0.008280873638486298 0.01115741762536963 0.010861190114340235 0.007282364922668725 0.0034635199362441182 0.000564959938858823 -0.000004489677760810162 -0.000006809449812870945 -0.000046217610289291225 0.00005943443202855565 0.00046398212397727174 0.0010530000594534158 0.00171336705733521 0.0018442273874099508 0.0011585535428890116 0.00039707153499741934 0.00001900018914330455 -0.000005478506462998412 7.749823018239391e-7 0.000028887074831824995 0.00011906358363936143 -0.00011199906922941344 0.000029539153516094872 -0.00004669459535955204 -0.0009168229457551146 -0.0013243541393218208 -0.0007609322661956347 -0.0001424432449630718 -0.0000018241595392567936 0.000012663699442987285 -0.0001886163750626002 -0.0019922817872471492 -0.005769779834999194 -0.007571870911753578 -0.006968068059065135 -0.0046212240081242575 -0.006169950893029596 -0.005109897686599048 -0.00157834103583287 -0.00008680744936385758 -0.00009908557864011044 -0.0017714138510591876 -0.004564595597329345 -0.01026296603266758 -0.023818537141527346 -0.024075949949132466 -0.008617996595085265 -0.0019472726148899624 -0.003352119521009786 -0.0025007694321325315 -0.00040665753323972396 -0.00042699102139903385 -0.004458121978913883 -0.004047855826517377 -0.025331923236188738 -0.07021852332162024 -0.08484224977291165 -0.0201107657061136 0.015032331178893858 -0.0021443307363140456 -0.0015963348210887845 -0.00027354425703089973 0.00002331891187774254 -0.005807506058667672 -0.013995569330900426 -0.06948928687913088 -0.1410613100903425 -0.20080791406024157 -0.12016164556197009 -0.00531580031235125 -0.006337216345749087 -0.0010048084351290368 0.0010809504981895513 0.0007479369120106622 -0.004009818655135507 -0.02799985910143771 -0.098566443829668 -0.16796484844014453 -0.2160757918757691 -0.1525543008322375 -0.05531110516717556 -0.010697229883523627 -0.00002587939298361058 0.0029380528936793515 0.0006246865127564001 0.00041443530213703533 -0.010176232998083437 -0.05137160950945591 -0.10573412254999504 -0.1516408532559758 -0.08047950859617027 -0.059889708832193286 -0.00734066302991216 0.004005338944468766 0.0029259689546447336 0.0005226149929080971 0.004155229806803867 0.008571803978209315 0.008841516071391498 -0.005844133484082064 -0.06595702170468437 -0.04011316853737734 -0.007286959875461963 0.0076705083143867705 0.008906194110372408 0.002070641226849674 0.00021039008698318262 0.003906948167143064 0.0080953652948748 0.008047057342562626 0.01727473469387289 0.014728493515723372 0.023664750085207496 0.018478922175481367 0.014078388077805698 0.008014860358310194 0.001048023414700068 -0.000005849456159616795 0.0014313501026115192 0.006005908818922853 0.013588282478340848 0.01505799763674952 0.016640116759336552 0.018369932031851385 0.01531358856405278 0.009683791002108233 0.0033004411519594232 0.0002558538435208834 -0.000007166854219365904 0.00007215398428705545 0.0007277740626785613 0.00291017954405512 0.004375558631983328 0.004765550564375724 0.005283273057892789 0.003832513834751938 0.0016926484256650524 0.0003919700126482604 0.000014627846100294273 -0.000018425132891927162 -0.0002377450682642771 -0.0012444958854320673 -0.0029777915422515653 -0.0005652889890568949 -0.0003766744006906415 -0.0033730819071349405 -0.004004475566231913 -0.0023307693734036373 -0.0007258773845353388 -0.00004521555277384758 -0.00032828650779484026 -0.004375472441769819 -0.007111458691298725 -0.0031158786579052796 -0.023288175175913934 -0.037368863539453435 -0.020175954466798422 -0.012164842559784993 -0.010513495283393124 -0.004945412618619991 -0.0006709039713545513 -0.001576673770704138 -0.009601985836156268 0.012075078559977012 -0.002827382682766974 -0.08531839770519692 -0.034832404106527916 -0.022712909597097777 -0.0003471849608550474 -0.008520407946053356 -0.005752229516493258 -0.0018218050985756174 -0.0035978450975979116 0.0013673306187630633 0.029410596930576138 -0.029253426142709305 -0.25824855407862896 -0.08504024281183066 0.11349077935108143 0.07348258250500332 0.000817721959119583 -0.006837273626005443 -0.0017058722393275777 -0.004180980645844488 -0.0018046358606247873 0.03214157785433557 -0.07236314059294684 -0.7650867712545497 -0.2140814887545589 0.47419141463307557 0.010863443977088265 0.007990835278514118 -0.008373202019392395 -0.000021689959557321216 -0.0020111738522877094 -0.009388544612387697 0.023472522755175366 -0.14826289750100952 -0.8332251800662562 -0.6956570443708979 -0.20911081279258328 -0.11689062827831143 -0.016471372172643595 -0.0013512729352008976 0.002814365031757847 -0.0010408459611520524 -0.0011141738948174463 -0.009144949848358811 -0.05871295955007584 -0.15338471452902885 0.7021947077370033 0.3752263039943007 0.10523809627852741 -0.021659629425016497 0.007369501209143839 0.005051123180582452 0.00018682394441272977 0.007309151323324062 0.019877775973510026 -0.041283708168624283 -0.09583233630695134 0.4402220923164478 0.103679322473443 -0.001496458800322336 -0.0028142674727887657 0.013947811333714462 0.005318043353136381 0.00052087398252228 0.0044389469891721305 0.01573443635670615 0.0018272850230903858 -0.07320021217964809 -0.16755976582509025 -0.1427740499623641 -0.02042328605101729 0.009658565955541301 0.01304267317068541 0.003102862173053656 0.0002156917839246794 0.002783741366460025 0.008911919437358768 0.01940367371166311 0.00809344748689202 -0.004332828753487575 0.031718135383781085 0.032438005299470975 0.019552728274738574 0.008596204158115508 0.0012038420328701269 0.000009674517742504603 0.0003803863441627044 0.0017383514346643104 0.0054424243851575686 0.006382407469337753 0.0069472409266842115 0.010171333694100186 0.008432883062048046 0.004119680740187378 0.0012382759556830837 0.00010015707302500573 -0.00006142898047702433 -0.0007665877177503543 -0.0034669913921527855 -0.006552941457556365 -0.006855837738609608 -0.013180720495299688 -0.014760809101018868 -0.01114723258857271 -0.005037712362772649 -0.0015282585563898103 -0.00013933144185304224 -0.001047356746227729 -0.008785689815506795 -0.007131553267484675 0.007949177756724792 -0.05682852301218106 -0.053720494483755696 -0.00845912142081269 -0.012042963770900349 -0.023889059311927942 -0.009807355195710262 -0.0016610811083820737 -0.005002617164328492 -0.01783091816551751 0.03956487022597895 -0.008158791071766409 0.010940524082020432 0.1201773323063832 0.1749089535026972 0.1215420814475466 -0.008147285477957749 -0.011837719220065296 -0.004189252724757882 -0.012509790565783805 0.009720626809634115 0.09627925717959206 0.6895873201030472 -0.3664879689147878 -0.7480616020024902 0.8363879890008654 0.29496423530851096 0.05030150246417986 -0.01536129161167919 -0.003940482986496492 -0.01753509229811073 0.029989915870212804 0.1878885816793654 1.0518260444158383 -1.084625111696753 -1.354107598302154 2.2232367484289424 0.5276249108583597 0.0843490445497826 -0.014094620148425113 -0.0015547426759593313 -0.010639666771032978 0.028681847140756406 0.1967969856626819 0.28092270044390577 -1.1181326569486094 -1.5105978766972528 0.21543339970177455 0.2898167050917002 -0.014972684718538453 0.019175136410041517 0.0032972738624599904 -0.004646461730874689 0.012591984834979293 0.05507696755167314 0.7091311142203628 0.11323784762819189 1.428278365873492 0.26245997203141097 0.42981617999427624 -0.00623567997031631 0.0232354936837237 0.011384581917484453 -0.001532994221593592 0.013121238783462793 -0.010538688801900913 0.11136066375880577 -0.41926774543482886 -0.6319360699605715 -0.49335404051168036 0.11118819802652985 -0.02319070235831172 0.009549877833208209 0.011225013136615676 0.000025509499625099545 0.00474514284844781 0.009588264876358528 -0.107620601339695 -0.4060535000504297 -0.7113325003849147 -0.5917788198615407 -0.16801119793634722 -0.00440252948735355 0.017040890259087792 0.007146094565382106 0.0003134325098954218 0.0026258095027841114 0.010615095776845175 0.008778915871608017 -0.07470007932997612 -0.14047451034489244 -0.06895171944032352 0.009021312350378919 0.022027648972298492 0.01601347510353802 0.0029841672301722105 0.00002648983361342785 0.0005741258863489365 0.0022980296792526954 0.0053910458520439845 0.00618862097531614 0.018063064863797614 0.021274768001260172 0.01533731612218416 0.006823313272186916 0.0026022968704793818 0.00024376768246868423 -0.00007159320447757148 -0.0011202354992592162 -0.005012332985772058 -0.010838567890719701 -0.020130717879468647 -0.03954956796500589 -0.034763238829973675 -0.02364854203069861 -0.009151992470493808 -0.002396489337812179 -0.0002004641022626998 -0.001119175716942124 -0.009947580124391318 -0.01369115680384258 -0.014852235436546598 -0.034613320863870645 0.07525545577441264 0.13660330031046355 0.016002221699185186 -0.027323101583755893 -0.017240273937460675 -0.0028070181665960816 -0.0057039036904802335 -0.014532104049241035 0.044359339533271556 -0.002392091654478316 0.04670261217508246 0.13925796560573292 0.3072123054801788 0.3323031806041315 0.03588750391284506 -0.0183373830396769 -0.006440799631924007 -0.01701969666531443 0.009505835874686158 0.1439901718666121 0.6755689618123444 -1.4298557357843322 -0.5926096873757184 2.336849312758913 0.56369983610181 0.16888156856701567 -0.027432028760018278 -0.006304071309015011 -0.02360485069408907 0.06574935108729191 0.30658235720043664 1.2458756096355907 0.7393253686442286 -0.536577261738328 3.242906320926523 0.7835918767581067 0.22271104330176913 -0.011553319137226542 -0.00176327004940059 -0.01620728323202225 0.0827733195283376 0.4103602344745068 1.6734144915334896 0.741342909911438 -0.25151979946331443 0.6206685520489239 0.9185897860288498 0.07739492364300783 0.02008951690695964 0.00485772582177454 -0.007828753902058092 0.019828538492737448 0.2632396070295893 0.2619788378976222 -1.2876727880942676 1.4576884406392294 -1.1917774494186322 0.35390500059129953 0.022121938729868524 0.0019831615158606114 0.017870549648311612 -0.002888805873300274 -0.00251770678351179 0.03303783976660772 -0.10751141996721954 -1.0738023043109621 -2.2750503162492706 -1.2136572548343882 -0.3466374921029525 -0.08240162844353405 -0.0108226080489165 0.015685768303252953 -0.00042618724805210454 0.00024445809219228367 -0.00757726623344301 -0.11098818769223731 -0.526046290387924 -1.0273250806518834 -0.5740631906151696 -0.3525479866550741 -0.052117449836054375 0.01331723117658235 0.010241084476840774 0.00014292033525331593 0.0016215980801006903 0.0052518159474290935 -0.014317756896096656 -0.13211493616369466 -0.22693901431414612 -0.2069544562726257 -0.037630400452209854 0.019457504898767384 0.022146739384340083 0.003962216869708365 0.000014532327829418947 0.000340556692536377 0.002236905174834622 0.003982308053389069 -0.002107690959655628 0.01926125053603158 0.03144197018166269 0.026120058651201702 0.009187940646688915 0.003581558266351336 0.0003060312374710332 -0.000024922178850444996 -0.0006554740028016167 -0.0036783878270030533 -0.00795119292895755 -0.018557356224369406 -0.040440021990188514 -0.03750436870287295 -0.020132598469972677 -0.00823854747076541 -0.002864574311126147 -0.00020376800061360355 -0.00046592965303798547 -0.007218363806478064 -0.020266215945338596 -0.061453888533501116 -0.0643660709375822 0.10055252973878102 0.1504628637601826 0.032181744727836206 -0.018491608166736763 -0.01693292040029589 -0.0027722497273150455 -0.0034481350563284295 -0.015835730461728426 -0.014345505541389995 -0.007390877410849713 0.175210965040796 0.2612930141510877 0.4994665864704588 0.3685592369729592 0.027199864750287964 -0.014516634094408976 -0.0066326295814580615 -0.011765507754131543 -0.0012967255653474304 0.07515646763723138 0.3297492606550847 -1.0410887032955656 0.06608452245599106 2.839284930553834 0.9461294992946638 0.18319195444666878 -0.023679675063419656 -0.008725241291722526 -0.02079403177332749 0.029042023713622866 0.2589587735448229 0.7322896739552315 0.0868429200228702 0.7345746646511019 4.402333963634201 1.315119860750145 0.2822419352720664 -0.005084386769581945 -0.00480651389873071 -0.018385178629838687 0.05839205237424626 0.3484729692461119 1.0500311790602859 0.7156096018333611 -0.2233973558487504 -0.04527192551617308 0.4605725802048799 0.1018865106172804 0.017250080400264045 0.002912924637577552 -0.010389779004214237 0.019650455668860027 0.2750523804220161 -0.10936647736631323 -0.39926329778062286 -0.42591498077026746 -3.7441674348412746 -0.5866589620220166 -0.16914612728645748 -0.003681324664452129 0.014194237181883495 -0.0048100344902710845 -0.004366987085992381 0.07602643006688213 -0.08978228579233033 -0.13066937752652244 -0.6502895936887226 -2.762820939986047 -0.8392205195681037 -0.17566901663255452 -0.003159753668809574 0.014187251910100479 -0.001536767325192542 -0.0012917213412861493 0.007456634481416539 -0.012425032842717053 -0.2992422484046456 -0.41569804378078773 -0.35273328373129437 -0.36639188318123406 -0.07932252113693014 0.011224978667233322 0.00989183321570163 -0.00032459889679737426 -0.00005243956568402572 0.0064242400469238055 0.019000141864920057 -0.029561479187244125 -0.17476618660937485 -0.16950660261700218 -0.010542274323451326 0.01891674274912789 0.021427776391265363 0.0033751851211263535 -0.000023345514594842836 -0.0001275820585153319 0.0010261480627311555 0.002223567469234957 0.00012126970349390256 0.02229062995216729 0.03939134259747587 0.02625282831297906 0.010422676779379338 0.003955894710522278 0.00025281560147860367 0.000014658421175328332 -0.0002436182001152802 -0.002019543194084611 -0.004623162230045745 -0.010603299191630684 -0.023490391270036375 -0.02494385747264831 -0.013225519827173982 -0.0054463186951642685 -0.0018399612126963122 -0.00012383551982520004 0.000016168383649244194 -0.004623244823532585 -0.016237593519508597 -0.0392821982818734 -0.04837024694519566 0.013215764843458622 0.03767419934937542 0.00007635499788087835 -0.0143448153456567 -0.012246443579220032 -0.0017632976422960384 -0.0016142461384709835 -0.014926294173323237 -0.027829758446103487 -0.09396498517312946 0.019088485487775524 0.2364139425018032 0.3517813575095518 0.1876170170209036 -0.000215378490910293 -0.012771958252202847 -0.0046179741973673095 -0.006117788605641966 -0.01620698414026086 0.0056512678151349836 0.03151105927829996 0.013514984989166524 0.37000091454397377 1.0456777601511926 0.520669330518868 0.06161550165501575 -0.015589355951443572 -0.0070432528509046044 -0.011818450799043319 -0.008142354583122834 0.0850792737041542 0.2052192806144712 -0.015500879279467698 0.256886589591555 1.6085419616570658 0.631505867153829 0.11676256344213458 -0.008523442365658985 -0.00567323156491431 -0.013685343983557868 0.002998648379901562 0.14516735712414933 0.3017972269479056 0.2975560919800255 -0.09922727303765701 0.169026071505345 0.15779600168692726 0.020771705347862143 0.007773306996462979 -0.0009112585832516727 -0.009637272165779216 -0.004323204492739661 0.13188299873258125 0.2777146682018641 0.15505282494477973 -0.8242451990052558 -1.3371084722211586 -0.45600791561622617 -0.13469482894361084 0.01286433789288743 0.0055938917891696915 -0.005552636874359006 -0.0014986376314588105 0.04915659836335492 0.16020614287509055 0.020509989831141405 -0.6746122736866258 -1.1783136514160697 -0.5361717945668036 -0.10884519949220292 0.020035959564514438 0.007590080573368426 -0.002269695704261695 -0.0016698950175521 0.01280625588302011 0.04649640809993248 -0.016695618052617014 -0.19398364306100332 -0.2935770325707782 -0.186711306064112 -0.026743540378044557 0.014052592029808618 0.004653432650963421 -0.0005490221757063286 -0.0006892022578245586 0.004022613091445882 0.018944568337257578 0.018288034768463395 -0.03963287086943516 -0.03500376873653437 0.016143250793683093 0.02031779883379216 0.013589295480165426 0.0016630272933168462 -0.00004085077070168681 -0.0002856835377093228 -0.000046914583579237064 0.0015147483423363576 0.003921288910170105 0.015008157710646015 0.020809100363421523 0.014687504164961273 0.008317246503056087 0.002668591136768947 0.00015470948681038746 0.000041499871768120925 0.00012474215955714612 -0.0005847747632498243 -0.002015782736679709 -0.00517249312199826 -0.00832986841559198 -0.009856284914137158 -0.006862911874484499 -0.0024360517963351726 -0.0006429506629278576 -0.000028974255373982 0.00020198048615312962 -0.0011600704874706557 -0.00818931440069181 -0.015917600116425512 -0.022931739056630648 -0.017848447197803204 -0.020803141867200284 -0.018241349043205613 -0.010796559723571502 -0.006154733649444787 -0.0005954099393725381 -0.000307083246096511 -0.007875038793078302 -0.019482872043955924 -0.03510658915555428 -0.018471113843193013 0.0561684683656941 0.07744030253612233 0.03305279616047028 -0.010979285507042887 -0.010065164581238129 -0.002082870926846519 -0.0017420153394507763 -0.014072154166199603 -0.017968322724637883 -0.034241093387498124 0.007392926730071733 0.14898419895370538 0.21747681262624144 0.10393718808826496 -0.0007689787711100153 -0.011111692356179157 -0.0031869649623758028 -0.004202485467955164 -0.01664682628295149 0.004170669816309315 0.03305760944351775 0.07024552869836612 0.1549148477719595 0.17790350882862885 0.11941607076342405 0.015128787705146396 -0.008983518926041881 -0.003084452293821522 -0.0054505458755929655 -0.011630961607240971 0.018689729346920175 0.0823400214255152 0.10316320310943974 0.053974965378245844 -0.0371412409942999 0.0026203727794211103 0.01705297089060424 0.0016200911705383056 -0.0006459917906417896 -0.004650083947856139 -0.006388351891011417 0.02335932794217723 0.08502026356480222 0.09282753233499455 0.006500172062284535 -0.17046750808441416 -0.13384714396413216 0.007531708918185577 0.006661523649243361 0.0023212307512127735 -0.003251338187106156 -0.004576890075113393 0.014254318391844817 0.05158800544317639 0.056613468316747795 -0.09317578500946923 -0.1981436009178944 -0.10139176267215692 0.006763347803638348 0.010182479477611077 0.003671111436731487 -0.001525677737018355 -0.0036629352961748767 0.004533378632872288 0.01818086913079375 0.01206330782032924 -0.07006873884828126 -0.07669030204736563 -0.027693434054975173 0.008934369720485247 0.009154789488923145 0.00220759539602594 -0.00035423789228494046 -0.001554618258456618 0.0009227377746553045 0.006287166551985786 0.01159301349810212 0.013483055757460094 0.019795782323611087 0.017476242223961637 0.013711217659667457 0.0061664536313146695 0.0006781377492051 -0.000019922151832534945 -0.00018438534998818664 -0.0002881009710156862 0.0002976433501711535 0.0018530729805729472 0.006570722064736169 0.008146941927755365 0.00689370847225035 0.003531779691975025 0.0008253498112785919 0.00005336176111593537 0.000023088627812484488 0.00014510713597821985 0.00011144233950338219 -0.00021357374184964814 -0.001166715350087725 -0.002207283993129537 -0.002870678053453097 -0.0022457222692921675 -0.0007780090770081718 -0.0001236058505186456 -3.737039689283053e-7 0.00016361565143588615 0.0005076374129229762 -0.0012122976708467445 -0.004851123590394213 -0.010860494080983054 -0.01478024497248691 -0.01643141504851165 -0.011747776287156661 -0.005794786722788313 -0.0017324322120207993 -0.00008583508112588594 0.00010334103973234148 -0.0010168122954741388 -0.006546812117160647 -0.015274282338227673 -0.019813670387598632 -0.018828676009727558 -0.0269326007774849 -0.018279693710661248 -0.011167669786962557 -0.004804669303028838 -0.0004537926865280068 -0.0002528378174328389 -0.0035459228352623276 -0.011828838325632793 -0.02272266353278764 -0.02608569371484108 -0.023732781351299984 -0.0256441887151876 -0.01774550436593106 -0.016009323480678305 -0.007209324392893654 -0.0008065774438585966 -0.0009277136437566599 -0.0071853361626701235 -0.015055855892940506 -0.02034679020865817 -0.017733271835654114 -0.01840123254415375 -0.00272779343463876 -0.000841017049563767 -0.00969090636711654 -0.006274690477876837 -0.0007529061644415632 -0.0016097921258454164 -0.010292738066982162 -0.013429097439567715 -0.010863025348661598 -0.012123899506494914 -0.037692038217579944 -0.006374728654430641 0.007358095498174213 0.00310469372291931 -0.0006414962660210899 0.000007797161537987095 -0.0017145658986493608 -0.009217543138086873 -0.007761809441687948 -0.0009600441630981804 -0.0023429588658093596 -0.051489453217805535 -0.04007452716542404 0.002080147217821275 0.01006085877388401 0.004298614227680216 0.000926367252062624 -0.0011404038004204223 -0.005300997597280984 -0.0032068868588361887 0.005111064673508212 0.0009021556896524677 -0.02121043745272447 -0.012009647344249471 0.007396325898395544 0.00791696941138771 0.0056734861707184265 0.001193398774127627 -0.0005485169618654614 -0.0029269056917416987 -0.0019902812044820506 0.0037100574808904595 0.008991002134493319 0.012930839136044823 0.013049435308993527 0.009835939477292423 0.008929995840088823 0.004913819260147989 0.0006633385289415755 -0.00012109364009968783 -0.0008685737769494583 -0.0015858201901747938 0.0005023356412638993 0.005170838135402965 0.011760059861603778 0.013265256081102525 0.0106278143007323 0.0062974249611758935 0.0020765452969698753 0.0001694172529118277 -0.000005208148918629232 -0.00005189338919609427 -0.00015341676888923396 -0.000007426664744966003 0.0007001895557106455 0.0019424622277733697 0.002698904384195876 0.0022131278604219373 0.0009468231239426083 0.0001791007947784711 0.000009656023555158113 0.0000022170319993341077 0.000020618487826044108 0.00003515101370874149 0.000031546705408479634 -0.000047982850283243936 -0.00017575765547895916 -0.00022087583321858954 -0.00016705968908403617 -0.00006191628578549088 -0.0000037437883191325655 4.62926988098877e-7 0.00002211827917884773 0.00016653985612725072 0.00019044125682590485 -0.0001014134820099112 -0.0013107077609600414 -0.0024208009016483687 -0.002497438624899529 -0.0018808823773783603 -0.0009097098044362704 -0.0001247782379129719 -1.373382054900374e-7 0.00002358219664228088 0.00010441573845635751 -0.00014798114063826765 -0.001793602254559352 -0.005285853373057906 -0.008862973744762444 -0.00894881759516083 -0.005412151532536147 -0.002577908119048661 -0.00047417397050307096 -0.000014130045618581207 -0.000019767469477641796 -0.0002991712537655807 -0.001154129524064404 -0.004381078130829766 -0.010093239325962735 -0.01641015684478949 -0.01686079152098413 -0.009750542262513278 -0.0038287857505696758 -0.0007729921394534408 -0.000041815006229435986 -0.00007431371580502603 -0.0009091306437971757 -0.002963995837459098 -0.007219096347779484 -0.009748707150164796 -0.010582695191771505 -0.013222506384001066 -0.008297476898249015 -0.003213843001156737 -0.0008024078631161186 -0.00005113241003249184 -0.0001119112637063199 -0.0014793969845462685 -0.004890889622637696 -0.008204852188397015 -0.006686223401807767 -0.003622462415022392 -0.0026449910997667267 -0.00155060961045522 -0.00029827813976187587 0.000044917563435343646 0.000013138942882059175 -0.00014757443366858084 -0.001617934604271091 -0.004167872099107504 -0.005763780253126068 -0.0021400789070910088 0.0038151946868976256 0.006885121449469618 0.005159279669176101 0.002378589231280854 0.0009872959326806382 0.00007520480447039164 -0.00012335725526054173 -0.0011263749060308806 -0.002471164762182421 -0.0025479419094485427 0.0010707309683660148 0.0059732910579626845 0.010450430620792034 0.006938626345204753 0.0030309310116245214 0.0011074493255202877 0.00006930270505563136 -0.000060706190558059076 -0.0005127665900312068 -0.0012473061965935807 -0.0011259349768462875 0.001381266160542286 0.0043960251232028555 0.006430522010039601 0.00453669430745372 0.0020477708267310117 0.0005447004770106843 0.00002420313242905352 -0.000011884199210386453 -0.00009946181082460226 -0.00028638243124729087 -0.00025073728399599866 0.0006467641525308669 0.0015492977554286444 0.0023161827113329374 0.0017377104616201466 0.0006925238483425994 0.0001487660448349394 0.000004260000903523896 -2.8611425520877127e-7 -0.0000028763887974182878 -0.00001211662488547711 -0.0000046590299833262684 0.00009897400170529486 0.00024977552604521356 0.0002787508216812165 0.00016209718437706187 0.000059155320406461086 0.000007309406237709891 8.230122552548319e-8 3.2142605124598065e-7 0.000005528496517418866 0.000027599359628129808 0.00005536928533332026 0.000045881770060091055 0.000011571325328836136 -0.000007079706697396557 -0.000004308895469336337 2.7130507059522733e-7 0.0000019941174631234064 3.030073637479062e-7 0.000010968244429350313 0.00012876300147629532 0.00037002682384741577 0.0005074245136418722 0.00039175717656912283 0.000047745749799017374 -0.00020143307374683494 -0.00015504988422682044 -0.000055355443372414996 0.0000013725677470792969 0.0000023331989293132304 0.00005126002451801422 0.0005274204721484982 0.0011281252882240724 0.001368958503652572 0.0012063806570687193 0.0001486926269225959 -0.000817137188537417 -0.0010973225973912508 -0.0005774580448713346 -0.00012256446229142967 -0.000004490777022658552 0.00008837609375596291 0.0009354811432817283 0.00194168033134303 0.0034215629103543223 0.001429060679193001 -0.0026555658466895435 -0.004557001107924538 -0.00435649803287889 -0.0022524136726094304 -0.0006321613075828016 -0.0000397726383160851 0.00011045441339302758 0.0012559853764401254 0.002838800157970768 0.0039588437885792116 -0.0037260546632418034 -0.014600200011514223 -0.015969769258071274 -0.009625725882962777 -0.005070412963416337 -0.0018916905974150986 -0.00015527497619925937 0.00010297436795400046 0.0011059595124677107 0.0023197695997834583 0.0003164727536851804 -0.009848077772563002 -0.02622326312154068 -0.02353258420328536 -0.012372710636116644 -0.007166764595621389 -0.0035346857549014956 -0.00035044675829769246 0.00005765619103050085 0.000586946202290071 0.0007664217379345908 -0.00369455739269066 -0.009461755583327559 -0.016348425783123732 -0.018381329176738695 -0.0134317135326871 -0.00795958636714866 -0.0033050067496687156 -0.0003128609699908472 0.00002851153013663239 0.0003301602388009758 0.00044619869229221143 -0.0018110219373231717 -0.0033855165035520923 -0.0034981124512587164 -0.00632883641402363 -0.007288696695347484 -0.004766786827919336 -0.0019377655104791454 -0.00017733282434181718 0.000013115521790302278 0.00016057815249586796 0.00042087288676262365 0.0002124382007796592 -0.00043707457596259643 -0.0007609488179264941 -0.0024422863802906185 -0.0031679596100692414 -0.002403734928537614 -0.0008912213324620197 -0.00006897080946803856 0.000005559361933149054 0.00008198205839959999 0.0002355487701887885 0.00038051027836657494 0.00023044786403235594 -0.00005343393793903136 -0.0007150434064083457 -0.0011885934691618055 -0.0008464342357897369 -0.00019863294476650309 -0.000009409951963072293 4.3169994647746426e-7 0.000011063089745295206 0.00003301639301559782 0.000049472431510051795 0.00006108797460172497 0.00007259632874297687 0.00001567558533069961 -0.00005310774422624851 -0.00003751569756332451 -0.0000070329455065809364 -1.7698981591474726e-7 0.000007851959375310822 0.00009423080326541214 0.0003589108603542965 0.000608613218264537 0.0004932371856058721 0.00015649635981021117 -0.00010946875829638108 -0.0000707950064980691 0.0000075625862947537414 0.000024935630996738768 0.0000037627216269530513 0.00012807201836258634 0.0010427088397767215 0.0023614051453659047 0.0026106273383037903 0.0014827286437707208 0.0005985131453757971 -0.000836894099319067 -0.0011777601064958782 -0.0006281311788598012 -0.00007820686807013959 0.000014418528838616288 0.0004673679527834355 0.003066163795583391 0.004699322647470906 0.0024930279069249727 -0.00139043103440862 -0.0029075768351471127 -0.003506062813075677 -0.005186681695749934 -0.0041773891329995256 -0.0015152749315900705 -0.0001312386543705706 0.0008582575923153472 0.005288314707887034 0.004280201213964906 -0.005707077106145674 -0.01799380183044848 -0.016920238302478144 -0.013754772368868904 -0.015348005490177927 -0.010469500062667048 -0.005223162141786524 -0.0006841351216801057 0.0012126713982358538 0.006009013541520663 -0.001892138460036355 -0.026093531822122748 -0.02661960366694196 0.005962423803847931 -0.005884698493956359 -0.02487598333706866 -0.014888655900797266 -0.011517118100862547 -0.001978079068401669 0.0011005765586605486 0.005351248463040274 -0.007172107269737397 -0.011292002199766853 0.03345658916360833 0.0826463482027477 0.05731932194738178 -0.0025091503423315645 -0.010643699091436951 -0.0163267426848803 -0.0033531514437171255 0.0006157835186561484 0.002738628058048347 -0.0054373622480420125 -0.0003517662431924278 0.029819970495608458 0.020021529063935926 0.03304190169720544 0.0032410956106537553 -0.007066086350811426 -0.014241706170837663 -0.003102607903342219 0.0002936073936176754 0.0015748002798319373 -0.0019225395834904261 -0.012891011013269818 -0.022940376203216196 -0.06524319469327229 -0.039287941923749924 -0.017964382098570503 -0.012296978437036452 -0.010857751017858604 -0.0019639666986916325 0.00014162933981356257 0.0008591081441037352 -0.00016237051626435465 -0.007751102239487946 -0.017444522634424028 -0.028661483716883075 -0.02185438249854458 -0.011435684098099665 -0.009188101946913014 -0.005940425076113448 -0.000922394833427848 0.000056743869167839944 0.0005082481018033548 0.0009556029912750655 0.00015178949370146924 -0.002372972892245032 -0.0034317376019079734 -0.004563826123223441 -0.005953081835568735 -0.00483073500344891 -0.0020412440498300635 -0.000199256150594776 0.000005498297511777016 0.00009292001033246901 0.0002373821717741538 0.0002882488126639537 0.00018713588929050758 -0.00013799902045859112 -0.0007522158514955803 -0.0010118982741372513 -0.0006308068343801887 -0.00016311349003285416 -0.000006948535927100359 0.0000237954120202447 0.0003233653727944377 0.001051982707801612 0.0017128381051763465 0.001549929056937553 0.0005949040024281714 -0.00034920514989191675 -0.00035077299054254817 -0.000005413827767517843 0.0000628365961401688 0.000008656449464690586 0.0003217147376264209 0.0022664528234276607 0.0030308478747893214 0.0008033381901513122 -0.0016507237574808356 -0.0019806373453183984 0.00024784314185726756 -0.0013253063609450781 -0.0012265883239233012 -0.00022400402429406535 0.000004272588200047603 0.0010627858640407835 0.004129678627879563 0.0012871153947309453 -0.016236565224686385 -0.029658182717789437 -0.01034974365415577 -0.00312088767097752 -0.000529390565778978 -0.005647407662165997 -0.0032501714610810506 -0.0004164160938653449 0.002397435723859266 0.0063387502890583924 -0.01727369396132526 -0.08713337443756547 -0.091148972817712 0.015295192378312162 0.045063725441004183 0.01131717008114091 -0.010205134019645897 -0.00990490872289702 -0.001763709242694966 0.003875457762903475 0.0032770493712388415 -0.06533351076464333 -0.10052535545637496 0.0061795337634652165 0.0855655572831615 0.1337094528164881 0.08012386807932474 0.008886808499705775 -0.013881312327120993 -0.004979031573488711 0.003804798524649279 0.0009756744224964726 -0.057762853578788284 -0.033733867948230974 0.08033993636165693 0.16421629525821674 0.17671699980195119 0.21394004108731157 0.053607389363658976 -0.011721845991928543 -0.009329661346196106 0.002164571787582823 0.0018221860832563818 -0.015701467238059947 0.01721718552482506 0.08934585121370937 0.289389539634001 0.15100044998594156 0.19377425302912776 0.07582339573939184 -0.009621494811720347 -0.008665413391702412 0.0006219843358299284 0.0008144933337997797 -0.009538972673659829 0.0003919667207654765 -0.017388313244707607 0.07972145879649928 0.08084021971303511 0.08057455824336661 0.027114346619008457 -0.009825121783464327 -0.005546429998301593 0.00028436341472022267 0.00016880578750265261 -0.008828458717014442 -0.023861864279978405 -0.0646278252118166 -0.08795990273175495 -0.059296320608577674 -0.01317195849734992 -0.0074130516440906275 -0.010421554432864643 -0.0028286049540697036 0.0001384925656856824 0.0009048963009255513 -0.0002987971726680405 -0.004249543553433029 -0.0101031313047387 -0.01623170604243139 -0.013385316618036906 -0.006520605729680653 -0.005549191278119886 -0.004992905241606492 -0.0007360228015966258 0.000016796844557395108 0.00018948756480476587 0.00032020409959154957 0.00019515780570047208 -0.00037871118292015656 -0.000543076320877188 -0.0010326451507279223 -0.0021932018197618505 -0.0016325063394027044 -0.0006851495443698606 -0.000048343161463701426 0.00003892418779931508 0.0005114100598199991 0.001114739420899598 0.0017842547756250651 0.0020637305002654763 0.0012018219677055351 -0.0002637076192074697 -0.0004262116971674836 0.00011912879455050074 0.00022775842740503543 0.00002727900565789487 0.00038544861450652773 0.002077225640373642 0.0023266327872369067 0.0018334690555419707 -0.010645259939900679 -0.010193759600311386 0.0011966417127829687 -0.0014670472965483974 -0.002120591914326654 0.0000573206500231127 0.00009821103650556243 0.0010852783953033353 0.002554369418535466 -0.0026143253084874233 -0.05734435404460451 -0.09173005623890997 -0.026833943912796074 -0.007148651180288429 0.0029041644511136077 -0.007986198686812208 -0.005029730959942837 -0.0004030916053280743 0.0037943188007777675 -0.004147046627891649 -0.10215199476994191 -0.2707481114398035 -0.37687995845710004 0.02762311806860826 0.3199659148429565 0.0758508257368565 0.010477951624558335 -0.013648844910223931 -0.002608151160326323 0.007721505219253879 -0.03872691528618665 -0.21520144124430887 -0.6661368854583459 -0.7037370753621088 0.8049653056590139 0.9947372254744444 0.37853580842579376 0.1060104258760714 -0.0038836283198936694 -0.007827620149811969 0.007397899473651257 -0.052312148953158076 -0.16251789360873647 -0.48019867491249657 1.9027384046028701 3.042724386567725 0.49814820259983195 0.587943433658201 0.23145595749421027 0.021523769639980563 -0.016357341571547782 0.003452960414227758 -0.013392731860203125 -0.07330566961119388 -0.05630490932814364 1.8562465329210098 0.5749692572211399 -0.06723885351635449 0.33487917408027185 0.27604719537339434 0.03768271164482445 -0.017989600919630658 0.00048126413054406283 -0.008603936895987215 -0.03153389794478824 -0.0360543504899537 0.02336061784458941 -0.48197060928182955 -0.3380425317427801 0.18546256576527778 0.13992260011645413 0.005049294441858132 -0.011021761180616861 0.00024105442226030977 -0.0035003520705549664 -0.028460686507135218 -0.043811638464204355 -0.07440074594320684 -0.017211503656123874 0.027128459559799034 0.03808038788573195 0.01896328537197327 -0.009844513643297302 -0.004337398936983789 0.0001134534913098391 0.00002258986912538679 -0.005763576276178316 -0.01979430636617326 -0.037233860441730736 -0.06474324717561032 -0.05812205393492986 -0.013994667164195772 -0.003076334187142856 -0.006141572466612775 -0.001338929203046228 0.000014970767149771468 0.000039332488925941436 -0.00004140969022976916 0.00035797214815484285 0.0017513384781444909 0.0037830956533310197 0.002622874331394769 -0.0027535125391184544 -0.002645555835830221 -0.0012508381229956117 -0.00012431283923676159 0.00002520015148605831 0.0002646428229114471 -0.0000027892814582488324 -0.001344689050725478 -0.000534614645795135 0.0009195479589089795 0.0022813441217103144 0.0018755913281724413 0.000906958447464521 0.00047811126061675146 0.00005715300770088813 0.00016708607189139886 0.00036205857380471046 0.0015620158311745085 0.01341110286593773 0.004847944582262735 -0.01686251062611005 -0.015220003676878889 -0.0047419455631064955 0.0007916649076889367 0.0015519122455948213 0.00040119134846195137 0.00008221226163504698 0.0021961977065963 0.00830267188849037 -0.05163959211980708 -0.06727263498702675 -0.06429959294224111 -0.07537266301327245 -0.0219772060788684 -0.012705962793039222 -0.005463331771706191 0.0002417094647448222 0.0029338691310402823 -0.01249681256733905 -0.11661078072412094 -0.007480156559131713 -0.6687739792160694 -0.12684744089948696 0.6561973207200846 0.073037733543682 0.012096018807562406 -0.016897024704565004 -0.002760324276470541 0.010412143690280692 -0.0661391045224977 -0.24328502485345616 -1.413253343056111 -3.4448499076117045 0.5310243223828989 3.2225502674217563 0.9641871660529236 0.1856630199453341 0.01589006781602898 -0.01062333743414832 0.008002677330578559 -0.08581802994471467 -0.2084114469612334 -1.9564549050907074 -0.9410078904386486 3.1336705510604066 2.058877901405526 1.9051794503960233 0.42453836972857917 0.08957402084904519 -0.01883271240110904 0.00223350233285869 -0.03893835779477064 -0.11003242757497557 -0.42222820817749307 2.2743540463180794 0.34483912632792996 0.45024529998566176 1.1728378426286938 0.34194152471026346 0.10517683885193138 -0.023229152545262338 -0.000503499093272561 -0.022937727038187878 -0.03075013207088738 -0.09749127117372036 0.5241376151444938 -0.01285989980885897 -0.4502939150072982 0.13300637877826618 0.20852184593797415 0.024659605942630294 -0.014523887500806795 -0.0005004068088016964 -0.00929125343102858 -0.03275836845593418 0.019137853106429913 0.1089543561323255 0.18905677732601703 0.0962611948378321 0.05087718823521413 0.0373045441446002 -0.0015174018275715072 -0.004892007379543877 -0.0002482099142512121 -0.0026774969849069586 -0.011660109171973345 -0.021577463531995224 -0.02163403764051017 -0.04967743432767582 -0.05147923779635436 -0.011374074066518495 0.0005671766056904765 -0.005877438841882715 -0.0017842114565492719 -0.000009059285668564268 -0.00032194743501790836 -0.0010717225453949952 -0.0017115712206560052 0.0008378187735628215 0.002788054493315664 0.0026125715641735154 -0.002275737947629198 -0.003015373457398661 -0.0014453860132138466 -0.0001388958362964083 -0.00002197943815354019 -0.0002009185798486289 -0.001939786139564215 -0.007160424079106769 -0.005706432291653293 0.0013324507533017751 0.006956776867359763 0.00579011589905105 0.0022616279467830803 0.0008589100782133454 0.00008861056258288545 -0.00037993588615936326 -0.0031561750435937863 -0.0077990976914129335 0.014145503414822585 0.03598741272755169 -0.020961235608149525 -0.05570711464112732 -0.015776747238665196 0.0021739935924864925 0.004603832350435924 0.0009829266511251725 -0.0010281467487658236 -0.0005249162913023015 0.024873745118454995 0.06745688468694717 0.023905257946745428 -0.06414974598984231 -0.12583994994370415 -0.13357637394860442 -0.027835937672951474 -0.0024177063512775443 0.001472176922847225 -0.0013667683641307104 -0.0036940834151736757 -0.013157529073877761 0.27288668028675256 0.4642209024139455 -0.11659306702411397 -0.35708335669791064 -0.13293411798683924 -0.06765133706691698 -0.008187350676321155 -0.00001863807650423454 0.0010645448382441522 -0.04376039775118029 -0.1052900206438305 -0.05393718791240863 0.0015014628836298627 -0.530929495366658 0.4602060559876414 0.617769254493542 0.012209106570372708 0.0030618020662796226 -0.0028634656259681622 0.0004430572938128885 -0.057452476525864125 -0.10030127020638198 -0.5514606118862678 0.047854789245152685 0.9352676922986193 1.4000117079776244 1.7968061974699037 0.36613009334591745 0.04616235910100887 -0.0023391536189566013 -0.00220059371439947 -0.04379826597819669 0.03615008348768399 -0.34180366680141083 0.9961318563408748 1.8407480553401565 0.5511935764632878 0.9915358043886308 0.2755774019063758 0.053375747305754895 -0.008947723314656557 -0.0034201508058005823 -0.026016252640311613 0.023770973991480655 0.06556597856796768 0.7946187305520891 2.1571685483971605 -0.15833714301910337 0.0168361896900771 0.08379701303934811 0.010344356881190122 -0.006881790558067862 -0.002572693967829279 -0.011534075080202896 -0.0026611873404464013 0.09659861857012998 0.24032473381513156 0.2863027959732405 -0.06823334355518935 -0.08900853552348387 -0.014083407826455986 -0.0017765869183099794 -0.0009843421133078007 -0.0008998782208349769 -0.006433626518060464 -0.008574146222121617 0.003280923076508389 0.04097444737802157 0.014591663107130996 -0.029820965858920447 -0.017504289566779064 -0.000885280409125964 -0.0008500770829501991 -0.00018384413377803385 -0.00005092988710005572 -0.0008161287424783455 -0.0033914378924042136 -0.008977559638843141 -0.011658854792263279 -0.0051350208551200795 0.0023410621184421616 0.0017362048578378263 -0.0007324376885065651 -0.00031265530367759577 -0.00002389457878310903 -0.000035610013051674805 -0.00041111617720044415 -0.003432357924454536 -0.010073836146436258 -0.00836394746803489 0.001587608839282831 0.007263596176085769 0.005269831817541599 0.0025059060006238734 0.0012482618706721692 0.00010736709598422489 -0.0005492390478133466 -0.004754906115144163 -0.013877280491937902 0.003707965455443737 0.02490295131887907 -0.030871217776630534 -0.06588664110442263 -0.01579723640918407 0.001750593637641684 0.005409178135359822 0.0012589556994692358 -0.0023133513158189105 -0.007646491616156808 0.016356393557398312 0.11346107413752506 0.1509139799155922 0.026130587185069196 -0.13047588835689763 -0.16448729911741905 -0.023298952085828377 0.0011929645232458645 0.002366035378448621 -0.005563765580836965 -0.006597412942643887 0.07442415442715386 0.3147900646033977 0.9389248597141683 -0.6679760110235451 -1.7130837047183214 -0.3375992542308139 -0.14720103762569972 0.002210565176331415 0.0029261682189578027 -0.008303895615255262 -0.018343622929584663 0.102295816052729 0.6062999803708833 1.9629424882286424 -0.6850195513855575 -2.3871152223458623 -0.5895702554372237 -0.19928915674731715 -0.023103335498894293 0.006017124388328664 -0.010738711786616619 -0.019067781822558895 0.09130139448196535 0.669360028854148 0.5991678263128228 1.1617454089130677 0.9873992134734724 -0.12577048326333756 -0.016876545165942208 -0.05390250211534378 0.010365330893527475 -0.01006161252442044 -0.019804946689190642 0.16849451990894768 0.13767037075599572 1.129511565894091 0.15593384786298867 -2.855086015847641 -0.08300837428013963 -0.12067651475720922 -0.01928350869732683 0.00596763008453468 -0.007526532690106748 -0.012587595084239267 0.07900572183011614 0.2769201483574555 0.5954704621811439 -0.10851266764433676 -2.512399851752108 -0.6262468423930464 -0.155029741853752 0.0036028489624970964 0.002076095645222492 -0.004432731172551642 -0.009810392935733514 0.016034961005381338 0.12567152757372033 0.21877082176381205 0.06603608639709792 -0.11664725822949647 -0.23451849660523005 -0.05579643147926128 -0.00068319316907378 0.0026822960370501323 -0.0013370445404531413 -0.008190769583646663 -0.007690681744368712 -0.00027558885185659867 0.03531403161502058 -0.0023273455563543543 -0.08221409478983199 -0.039375024959669935 -0.005218619572968198 0.0027528447862207052 0.0010969161889281024 -0.00008229144029811973 -0.0012804460880111023 -0.00494550905744422 -0.012500715410399538 -0.01825716059463506 -0.004975810667063204 0.008343734824802723 0.0077771434831110185 0.0031767554925289975 0.0012715164187365703 0.00009422570397051858 -0.000019168764659870748 -0.0003889886784746343 -0.0025453390398758645 -0.005944251684283546 -0.005122535826641698 0.0012102681783802492 0.004182691881200956 0.00273628079501952 0.001788715712989024 0.0009514269119153068 0.00008275695489760143 -0.0004988252734785801 -0.005155602020413313 -0.010407933713779809 -0.0005468085255087026 0.006631461609276965 -0.019572085318432776 -0.030044298643951983 -0.004082236944654046 0.0014973786958902482 0.004898906760529065 0.0009924348103017887 -0.002647887587033242 -0.011803797153246776 -0.005830743372045621 0.05424241333271481 0.11518170715692687 0.054221744133283525 -0.12703867279587805 -0.10582169006748823 -0.011341027029016206 0.0026041242938918243 0.0021821644258252955 -0.006241859331447631 -0.014775284793500857 0.02020156630385895 0.214767696973103 0.6372074878253958 -0.1539028253695873 -0.5232817639486389 -0.2660517105847921 -0.08776835798121431 0.004425848735127634 0.0042931845364330085 -0.00878143087850407 -0.011664557319120042 0.08003690673153642 0.41583006342602113 0.6227487413753696 -0.08708280505152788 -0.21006683696681563 -0.3627660737094262 -0.15983649908130312 -0.02738056139378981 0.009115839125722723 -0.011111670484949161 -0.007054456385556339 0.07768721684874953 0.4138191299785958 -1.1977460749478397 -0.6956935803567359 1.2715978913301098 -0.34636343299497835 -0.14025435394659752 -0.05381796899478564 0.01325626980242516 -0.010814605905706353 -0.01670958954566537 0.0931582969971742 0.3565574370022329 0.3855643436088164 -0.2720011656165674 -0.3548745976011971 -0.33502864582247877 -0.2520646012853819 -0.012967078565573553 0.009174174170953084 -0.008033003051668913 -0.012488784058341194 0.04410459595507041 0.2199688898436942 0.3230705181852595 -0.2373772718441828 -1.0720522764290747 -0.570301728295167 -0.12616174081387832 0.007777386895891424 0.004893081450398272 -0.003710053518816912 -0.009413188535977095 0.006343826771985527 0.057006428831513016 0.08021843133155256 -0.07700393582339302 -0.2309311677422411 -0.20253687587182292 -0.03384289753836272 0.001493256177597971 0.0029833609148248543 -0.0009533986765324665 -0.006357212715460625 -0.009570835186187392 -0.006420653217480418 -0.00523983944787067 -0.041393026945560296 -0.059983701466492026 -0.016413766828985953 0.0030629050413907193 0.006088448464848178 0.0011778365441819567 -0.00006304828259537589 -0.0009947036900104702 -0.0032327093910727973 -0.005687211029961421 -0.008181801332297067 -0.0003062682775425186 0.00831025178724446 0.007715636667941757 0.004396715626008841 0.0015708780748220367 0.0001097043117102536 0.000011119342464502885 -0.00008468658078910109 -0.000869828200753654 -0.002315243569218119 -0.002932176175640833 -0.0015486408427293663 0.0003201328523896413 0.0008402494504407887 0.0009050760875425031 0.0004206897437617454 0.0000350516420775337 -0.00015893408020791595 -0.0028172235752284436 -0.007357463045827696 -0.009611154971357123 -0.006116667614210714 -0.006865640216751724 -0.0014767737975647313 -0.0025439209804161886 0.0012349387093065663 0.0032086112571325207 0.0005324237669957102 -0.0013096337139048297 -0.009647253121873905 -0.01024640822202626 0.010121018734038052 0.03617021028561683 0.012621418739952399 -0.0331395326921313 -0.029854509596246526 -0.006396574886438432 0.0038994859743742825 0.0016649198391419757 -0.0029089852957012627 -0.01658552170025439 -0.011484038537285477 0.04769374449910892 0.13131144367566133 0.12086693996591709 -0.060588708312536516 -0.09756624491909932 -0.021939252894056478 0.007377041521598858 0.003522201187966018 -0.005029200574947051 -0.018037292037569007 0.007372067526430276 0.09980217608437351 0.1701753061686146 0.14380819168323242 0.03913219325084451 -0.1373675949615696 -0.06824603551038828 0.0019782377483718665 0.0067903688292324516 -0.006565667271266877 -0.012900853168522576 0.003454956380666348 0.12200612233495477 0.22694401069812267 0.07449177842707089 0.09196235445204093 -0.15118385764165207 -0.08896716957362875 -0.005371072742022544 0.008322072135415885 -0.00567307466847147 -0.011099834440516659 0.014674117228984467 0.08280184770424018 0.14662941943173105 0.28847056992091186 0.029902746997063925 -0.25418968224269944 -0.06170009225604707 0.0005835151786853932 0.006214068381732095 -0.003952880137031354 -0.0113762219944939 0.002612843235071865 0.05198095937473164 0.06395731835798732 -0.06731333864241026 -0.22614354565621295 -0.16280505853849828 -0.015907829986599537 0.004399765038646649 0.004844489620043048 -0.0017433030431475718 -0.007501045480372053 -0.007085242953301759 0.010707570397261534 0.0065577713600100335 -0.0750244267626092 -0.10753997331365049 -0.052120999623371335 -0.004658559856029069 0.005851759724293059 0.002676733879858522 -0.0003665787537412706 -0.003109862876038892 -0.00628292509045707 -0.006766167006662933 -0.008416328159684353 -0.011354293993709394 -0.007129887665724295 0.0010815196035683533 0.0059082055756645565 0.005092611675467119 0.0007681597238994327 -0.000017078295240179436 -0.0003242308002638702 -0.0012525094876003275 -0.002481664502113814 -0.0029630527555260014 0.0006397856205589429 0.0036863779444105665 0.004563141386156092 0.002587081088237843 0.0007322516014685602 0.000057617403908556335 0.000010019706549068355 0.00004989074942386991 -0.00013869176820064142 -0.000646002689104452 -0.0010025929915365495 -0.0008758242916599977 -0.00002322133539750133 0.0005695266517696597 0.00043586992326247393 0.0001379751303136358 0.00001027400713696986 0.0000075016880251957525 -0.0005345411512946639 -0.0031260019636998025 -0.005935291814963529 -0.005807343139788986 -0.004518195746184156 -0.002764408172845795 0.00006803469019060827 0.002190716884941643 0.0014356090445395997 0.0001834098350331943 -0.0002436712165644854 -0.0033853287590195386 -0.009478751841746895 -0.011532731374746804 -0.007317809283149853 -0.005564425194179467 -0.005329862885872256 -0.004368710686642642 0.0016236815919984699 0.0035309460409613186 0.0006783305080259289 -0.0006374065987136883 -0.0065100947263089974 -0.016716284028485212 -0.014682240024600602 0.015192064376510585 0.012223459392580642 -0.016479356392034215 -0.011423350475704355 0.0023645769071087685 0.006674215396100836 0.0013806248690999352 -0.00125041161808434 -0.010636287171597461 -0.021311314532704222 -0.01576515999697562 0.021439833917172323 0.04860141934173287 -0.021930516996505726 -0.0370615648233819 -0.004216174231476515 0.010859540386724084 0.002401979704751853 -0.0019102192658704672 -0.013206059123159726 -0.02081192023490145 -0.016809713091889524 -0.013618312807561445 0.013041245389911657 -0.038200442799857404 -0.03658028969467278 -0.007867011917983615 0.010671475772902306 0.002841724664484163 -0.0018202649710010214 -0.011558859936923542 -0.016644339007878935 -0.01091248537662027 -0.02305093370638048 -0.05478088682215972 -0.05942543127720461 -0.0137409067043542 0.0048911559790762085 0.010090307926480503 0.002716629958854338 -0.0010458531436817009 -0.006988450345240264 -0.011390529213045791 -0.008814459109470664 -0.015603804851274473 -0.03969467298980752 -0.02282799612861069 0.0001931036120263759 0.0048856767170196375 0.009364737309059986 0.002304124194737934 -0.0004131232984989671 -0.0034251239185293637 -0.006932323680257002 -0.008307076271476818 -0.006411508903735173 -0.0065769440324090185 -0.0017310143139286714 0.0004871553436322137 0.006714342337337644 0.0064186584046145145 0.0010576667616265568 -0.00004762497496671309 -0.0008152521766003678 -0.003302242371227449 -0.005492361324902892 -0.004989114126678309 -0.00008693951765871544 0.0046528786794822535 0.00683866895328144 0.005895868742099095 0.0028609734590420302 0.00031665918156986684 0.0000010747739910217148 -0.00003101038641896098 -0.00026573386503122014 -0.0006340412761387063 -0.0005683813199882066 0.000706967472656078 0.0018909109970782995 0.0019448596461978014 0.0010119261448126558 0.00027087971749845726 0.000021617137246057384 9.934888463942547e-7 0.000006951097494058653 -0.000005181798058016267 -0.00005819353141436672 -0.000075199737788184 -0.00007203652168186295 0.000007726442111364447 0.00006445864845148133 0.00004443981962941051 0.000011535744786336766 7.789411557790594e-7 0.00000471388933157005 -0.000009379818213141466 -0.0003251565445790831 -0.0008782645576685568 -0.001207883856138981 -0.0011847708613835811 -0.00033450342465489794 0.0004095869113508641 0.0005022480456751199 0.00016655131405817795 0.000013649147330437409 -0.000010885470899632955 -0.0002771212444520116 -0.001670884847687416 -0.003602263381539925 -0.004464217980698609 -0.002986809720872254 -0.001466212868322891 0.00039758035895587997 0.0010705837435099385 0.0004913952019650809 0.00004546052233474622 -0.00004779826613047834 -0.0006769162211383748 -0.003112015031792182 -0.009138222358250868 -0.011359649334947913 -0.004697642784641785 -0.0014070835919066137 0.0009806547715805528 0.0021026782021371392 0.0010501852226960904 0.00010582859950011442 -0.00007744282911933957 -0.0012489958027327153 -0.005263430416303256 -0.014973871175073717 -0.017224623636421844 -0.009508632915645505 -0.0003244518175291799 0.0038495111550743114 0.004009530424093418 0.001956423596301768 0.00018747431675559094 -0.00009466955635673633 -0.0017547723781874854 -0.00765096104637797 -0.013785175672273699 -0.014392056846136895 -0.01046567456653221 0.0010967566153467488 0.008631935032239281 0.0049188319733599745 0.0020943345643482164 0.00019970118493305158 -0.00011593603947664185 -0.0016994098641929325 -0.005822107008806528 -0.008952647516055921 -0.008655387127400983 -0.00343525833137354 0.008025317130881232 0.010457636080360037 0.004950887501126511 0.002533924694043736 0.00028757323647863984 -0.00008391161378740055 -0.0011076322863331942 -0.0034119571850809447 -0.005464518979182855 -0.004972851515694791 0.00014292168549000364 0.008339274293826783 0.006743484602111672 0.004097072750129876 0.002294221955111603 0.00021134171670763368 -0.00002791341965988461 -0.00043114303891621085 -0.0016797259514802054 -0.0029349260393222304 -0.002425460919670494 0.0008875115936574495 0.0047456709154307586 0.0040145818687473715 0.0025832494988574394 0.0009679512362073254 0.00006118288705169742 -1.6015916884301764e-7 -0.00004144721739042499 -0.0003165938281286398 -0.0006904451243861778 -0.0005573161287582508 0.0004832690725635601 0.001832805131411166 0.0017640939742948102 0.0009454912739742669 0.00030313850108058625 0.000019483040810842152 3.132049068049867e-7 0.0000018566021398916533 -0.000007779990148593792 -0.000022981289241553694 0.000014800863831173548 0.00016340148330405767 0.00023933249180914596 0.00018469112245366134 0.00009360565765804026 0.000019451392944663496 0.0000012283670177702569)
(UseCyclicTransform "false")
(UseDirectionCosines "true")

// ResampleInterpolator specific
(FinalBSplineInterpolationOrder 3)
(ResampleInterpolator "FinalBSplineInterpolator")

// Resampler specific
(CompressResultImage "false")
(DefaultPixelValue 0)
(Resampler "DefaultResampler")
(ResultImageFormat "nii")
(ResultImagePixelType "float")
